"Subject" "Location" "TrialNum" "Target1" "Target2" "Resp1" "Resp2"
"003" "A" 1 2 10 2 11
"003" "A" 7 2 10 2 11
"003" "A" 10 2 10 3 11
"003" "A" 18 2 10 2 11
"003" "A" 24 2 10 3 11
"003" "B" 5 5 5 8 4
"003" "B" 11 5 5 10 4
"003" "B" 14 5 5 12 4
"003" "B" 19 5 5 7 3
"003" "B" 20 5 5 8 2
"003" "C" 2 9 3 13 2
"003" "C" 6 9 3 14 1
"003" "C" 13 9 3 14 2
"003" "C" 17 9 3 15 2
"003" "C" 22 9 3 6 1
"003" "D" 3 2 1 4 6
"003" "D" 4 2 1 4 3
"003" "D" 8 2 1 3 4
"003" "D" 15 2 1 5 1
"003" "D" 21 2 1 3 7
"003" "E" 9 11 10 19 11
"003" "E" 12 11 10 15 11
"003" "E" 16 11 10 16 11
"003" "E" 23 11 10 17 11
"003" "E" 25 11 10 14 11
"004" "A" 1 2 10 3 11
"004" "A" 7 2 10 6 11
"004" "A" 13 2 10 7 10
"004" "A" 20 2 10 5 11
"004" "A" 25 2 10 3 10
"004" "B" 3 5 5 10 4
"004" "B" 12 5 5 9 4
"004" "B" 16 5 5 10 3
"004" "B" 18 5 5 12 2
"004" "B" 19 5 5 13 2
"004" "C" 4 9 3 13 3
"004" "C" 8 9 3 14 4
"004" "C" 10 9 3 14 2
"004" "C" 14 9 3 14 4
"004" "C" 17 9 3 14 1
"004" "D" 2 2 1 5 2
"004" "D" 9 2 1 4 3
"004" "D" 15 2 1 3 1
"004" "D" 21 2 1 3 1
"004" "D" 23 2 1 3 2
"004" "E" 5 11 10 17 11
"004" "E" 6 11 10 18 11
"004" "E" 11 11 10 4 11
"004" "E" 22 11 10 16 11
"004" "E" 24 11 10 16 11
"005" "A" 2 2 10 3 9
"005" "A" 6 2 10 6 11
"005" "A" 9 2 10 3 9
"005" "A" 11 2 10 4 8
"005" "A" 16 2 10 5 9
"005" "B" 3 5 5 10 4
"005" "B" 13 5 5 12 4
"005" "B" 15 5 5 13 7
"005" "B" 21 5 5 12 4
"005" "B" 24 5 5 11 2
"005" "C" 12 9 3 14 2
"005" "C" 20 9 3 13 1
"005" "C" 22 9 3 12 1
"005" "C" 23 9 3 12 3
"005" "C" 25 9 3 16 2
"005" "D" 1 2 1 3 2
"005" "D" 4 2 1 5 4
"005" "D" 5 2 1 5 2
"005" "D" 8 2 1 5 3
"005" "D" 10 2 1 4 3
"005" "E" 7 11 10 18 11
"005" "E" 14 11 10 19 11
"005" "E" 17 11 10 18 11
"005" "E" 18 11 10 18 10
"005" "E" 19 11 10 19 11
"006" "A" 6 2 10 8 11
"006" "A" 18 2 10 6 11
"006" "A" 19 2 10 8 10
"006" "A" 22 2 10 4 9
"006" "A" 24 2 10 4 9
"006" "B" 12 5 5 11 6
"006" "B" 15 5 5 9 6
"006" "B" 16 5 5 10 5
"006" "B" 17 5 5 11 8
"006" "B" 23 5 5 13 5
"006" "C" 5 9 3 14 4
"006" "C" 7 9 3 12 2
"006" "C" 9 9 3 15 4
"006" "C" 11 9 3 13 3
"006" "C" 13 9 3 14 3
"006" "D" 2 2 1 8 4
"006" "D" 4 2 1 6 6
"006" "D" 8 2 1 8 6
"006" "D" 14 2 1 6 4
"006" "D" 21 2 1 8 3
"006" "E" 1 11 10 12 11
"006" "E" 3 11 10 11 9
"006" "E" 10 11 10 15 7
"006" "E" 20 11 10 12 9
"006" "E" 25 11 10 14 10
"008" "A" 11 2 10 2 11
"008" "A" 17 2 10 3 11
"008" "A" 19 2 10 2 11
"008" "A" 20 2 10 4 11
"008" "A" 23 2 10 2 11
"008" "B" 1 5 5 12 7
"008" "B" 7 5 5 10 5
"008" "B" 8 5 5 11 7
"008" "B" 10 5 5 8 6
"008" "B" 22 5 5 9 7
"008" "C" 3 9 3 16 3
"008" "C" 6 9 3 14 3
"008" "C" 12 9 3 16 3
"008" "C" 16 9 3 16 1
"008" "C" 18 9 3 15 1
"008" "D" 2 2 1 4 3
"008" "D" 4 2 1 5 2
"008" "D" 9 2 1 4 3
"008" "D" 13 2 1 1 2
"008" "D" 14 2 1 1 2
"008" "E" 5 11 10 17 11
"008" "E" 15 11 10 17 11
"008" "E" 21 11 10 19 11
"008" "E" 24 11 10 17 11
"008" "E" 25 11 10 18 11
"009" "A" 2 2 10 4 8
"009" "A" 4 2 10 4 8
"009" "A" 7 2 10 5 10
"009" "A" 19 2 10 5 10
"009" "A" 21 2 10 3 11
"009" "B" 1 5 5 14 3
"009" "B" 3 5 5 11 7
"009" "B" 10 5 5 12 6
"009" "B" 18 5 5 15 6
"009" "B" 20 5 5 13 8
"009" "C" 6 9 3 12 6
"009" "C" 11 9 3 12 4
"009" "C" 12 9 3 11 4
"009" "C" 15 9 3 13 7
"009" "C" 22 9 3 14 6
"009" "D" 5 2 1 7 3
"009" "D" 9 2 1 5 4
"009" "D" 16 2 1 3 1
"009" "D" 24 2 1 4 2
"009" "D" 25 2 1 3 1
"009" "E" 8 11 10 12 11
"009" "E" 13 11 10 14 11
"009" "E" 14 11 10 15 11
"009" "E" 17 11 10 15 10
"009" "E" 23 11 10 17 10
"010" "A" 4 2 10 3 9
"010" "A" 10 2 10 4 10
"010" "A" 23 2 10 1 10
"010" "A" 24 2 10 3 10
"010" "A" 25 2 10 3 9
"010" "B" 6 5 5 9 8
"010" "B" 8 5 5 9 7
"010" "B" 14 5 5 9 7
"010" "B" 17 5 5 8 6
"010" "B" 19 5 5 10 8
"010" "C" 9 9 3 13 2
"010" "C" 11 9 3 15 3
"010" "C" 13 9 3 13 3
"010" "C" 16 9 3 14 2
"010" "C" 21 9 3 12 1
"010" "D" 2 2 1 3 2
"010" "D" 3 2 1 4 2
"010" "D" 7 2 1 4 3
"010" "D" 20 2 1 2 2
"010" "D" 22 2 1 2 1
"010" "E" 1 11 10 13 9
"010" "E" 5 11 10 15 8
"010" "E" 12 11 10 15 9
"010" "E" 15 11 10 16 11
"010" "E" 18 11 10 15 11
"021" "A" 5 2 10 8 10
"021" "A" 6 2 10 5 11
"021" "A" 10 2 10 6 9
"021" "A" 16 2 10 5 11
"021" "A" 22 2 10 3 8
"021" "B" 2 5 5 12 8
"021" "B" 3 5 5 12 7
"021" "B" 15 5 5 12 5
"021" "B" 19 5 5 11 6
"021" "B" 23 5 5 12 4
"021" "C" 4 9 3 14 6
"021" "C" 9 9 3 13 4
"021" "C" 12 9 3 12 6
"021" "C" 20 9 3 15 4
"021" "C" 21 9 3 13 3
"021" "D" 7 2 1 5 5
"021" "D" 8 2 1 5 3
"021" "D" 14 2 1 7 5
"021" "D" 18 2 1 2 4
"021" "D" 24 2 1 4 4
"021" "E" 1 11 10 15 11
"021" "E" 11 11 10 14 11
"021" "E" 13 11 10 13 10
"021" "E" 17 11 10 13 11
"021" "E" 25 11 10 14 11
"022" "A" 9 2 10 4 10
"022" "A" 16 2 10 3 10
"022" "A" 17 2 10 2 10
"022" "A" 19 2 10 4 11
"022" "A" 23 2 10 2 11
"022" "B" 11 5 5 7 7
"022" "B" 20 5 5 6 7
"022" "B" 21 5 5 8 9
"022" "B" 24 5 5 7 9
"022" "B" 25 5 5 7 10
"022" "C" 2 9 3 13 5
"022" "C" 4 9 3 15 4
"022" "C" 6 9 3 14 3
"022" "C" 7 9 3 16 4
"022" "C" 15 9 3 17 4
"022" "D" 5 2 1 5 3
"022" "D" 8 2 1 4 1
"022" "D" 10 2 1 2 4
"022" "D" 13 2 1 4 1
"022" "D" 18 2 1 4 1
"022" "E" 1 11 10 15 10
"022" "E" 3 11 10 16 10
"022" "E" 12 11 10 14 11
"022" "E" 14 11 10 16 11
"022" "E" 22 11 10 13 11
"023" "A" 4 2 10 2 11
"023" "A" 12 2 10 3 11
"023" "A" 13 2 10 3 11
"023" "A" 18 2 10 4 11
"023" "A" 20 2 10 3 11
"023" "B" 3 5 5 10 6
"023" "B" 6 5 5 7 5
"023" "B" 9 5 5 9 6
"023" "B" 15 5 5 9 4
"023" "B" 17 5 5 8 5
"023" "C" 1 9 3 17 1
"023" "C" 2 9 3 17 2
"023" "C" 10 9 3 17 2
"023" "C" 16 9 3 16 1
"023" "C" 23 9 3 17 1
"023" "D" 5 2 1 3 1
"023" "D" 14 2 1 2 1
"023" "D" 19 2 1 2 2
"023" "D" 21 2 1 2 5
"023" "D" 24 2 1 3 1
"023" "E" 7 11 10 17 11
"023" "E" 8 11 10 15 11
"023" "E" 11 11 10 17 11
"023" "E" 22 11 10 17 11
"023" "E" 25 11 10 18 11
"024" "A" 10 2 10 4 11
"024" "A" 11 2 10 3 9
"024" "A" 19 2 10 3 11
"024" "A" 21 2 10 3 11
"024" "A" 22 2 10 4 11
"024" "B" 3 5 5 11 7
"024" "B" 6 5 5 7 10
"024" "B" 20 5 5 9 8
"024" "B" 23 5 5 7 9
"024" "B" 25 5 5 9 8
"024" "C" 8 9 3 15 1
"024" "C" 13 9 3 15 3
"024" "C" 14 9 3 15 3
"024" "C" 15 9 3 15 2
"024" "C" 16 9 3 14 2
"024" "D" 7 2 1 4 1
"024" "D" 12 2 1 6 2
"024" "D" 17 2 1 4 1
"024" "D" 18 2 1 5 4
"024" "D" 24 2 1 5 1
"024" "E" 1 11 10 16 10
"024" "E" 2 11 10 14 5
"024" "E" 4 11 10 15 9
"024" "E" 5 11 10 12 7
"024" "E" 9 11 10 16 9
"025" "A" 9 2 10 1 11
"025" "A" 18 2 10 3 11
"025" "A" 20 2 10 1 11
"025" "A" 21 2 10 1 10
"025" "A" 22 2 10 2 11
"025" "B" 4 5 5 9 8
"025" "B" 10 5 5 7 8
"025" "B" 11 5 5 8 10
"025" "B" 17 5 5 10 7
"025" "B" 25 5 5 6 5
"025" "C" 8 9 3 18 2
"025" "C" 14 9 3 17 2
"025" "C" 16 9 3 19 1
"025" "C" 19 9 3 17 1
"025" "C" 23 9 3 17 1
"025" "D" 5 2 1 3 2
"025" "D" 6 2 1 1 2
"025" "D" 7 2 1 2 1
"025" "D" 12 2 1 2 2
"025" "D" 24 2 1 1 1
"025" "E" 1 11 10 15 10
"025" "E" 2 11 10 17 10
"025" "E" 3 11 10 15 9
"025" "E" 13 11 10 17 11
"025" "E" 15 11 10 16 10
"026" "A" 3 2 10 6 10
"026" "A" 5 2 10 7 11
"026" "A" 7 2 10 7 11
"026" "A" 10 2 10 6 9
"026" "A" 16 2 10 6 9
"026" "B" 1 5 5 10 7
"026" "B" 13 5 5 13 4
"026" "B" 14 5 5 14 4
"026" "B" 22 5 5 14 4
"026" "B" 23 5 5 13 5
"026" "C" 12 9 3 16 4
"026" "C" 15 9 3 15 3
"026" "C" 20 9 3 15 2
"026" "C" 24 9 3 16 1
"026" "C" 25 9 3 17 1
"026" "D" 2 2 1 6 3
"026" "D" 4 2 1 4 5
"026" "D" 9 2 1 7 3
"026" "D" 17 2 1 8 2
"026" "D" 21 2 1 6 3
"026" "E" 6 11 10 14 11
"026" "E" 8 11 10 11 11
"026" "E" 11 11 10 14 11
"026" "E" 18 11 10 15 10
"026" "E" 19 11 10 14 11
"027" "A" 5 2 10 3 10
"027" "A" 8 2 10 4 11
"027" "A" 10 2 10 4 10
"027" "A" 22 2 10 2 10
"027" "A" 25 2 10 2 11
"027" "B" 6 5 5 9 6
"027" "B" 7 5 5 11 4
"027" "B" 14 5 5 5 6
"027" "B" 20 5 5 6 6
"027" "B" 24 5 5 7 8
"027" "C" 3 9 3 13 5
"027" "C" 12 9 3 15 5
"027" "C" 13 9 3 13 5
"027" "C" 21 9 3 11 5
"027" "C" 23 9 3 13 3
"027" "D" 1 2 1 4 4
"027" "D" 2 2 1 4 3
"027" "D" 4 2 1 5 3
"027" "D" 11 2 1 3 5
"027" "D" 19 2 1 3 3
"027" "E" 9 11 10 16 11
"027" "E" 15 11 10 17 11
"027" "E" 16 11 10 17 9
"027" "E" 17 11 10 17 9
"027" "E" 18 11 10 18 9
"028" "A" 2 2 10 6 10
"028" "A" 8 2 10 4 11
"028" "A" 15 2 10 5 9
"028" "A" 18 2 10 4 10
"028" "A" 20 2 10 6 11
"028" "B" 6 5 5 11 7
"028" "B" 14 5 5 11 5
"028" "B" 19 5 5 11 8
"028" "B" 21 5 5 11 7
"028" "B" 25 5 5 11 6
"028" "C" 3 9 3 13 3
"028" "C" 5 9 3 14 1
"028" "C" 7 9 3 14 4
"028" "C" 12 9 3 16 2
"028" "C" 23 9 3 15 3
"028" "D" 1 2 1 4 3
"028" "D" 4 2 1 5 5
"028" "D" 9 2 1 4 2
"028" "D" 11 2 1 3 2
"028" "D" 13 2 1 5 2
"028" "E" 10 11 10 17 11
"028" "E" 16 11 10 17 11
"028" "E" 17 11 10 17 11
"028" "E" 22 11 10 16 11
"028" "E" 24 11 10 16 11
"029" "A" 4 2 10 2 10
"029" "A" 8 2 10 3 9
"029" "A" 13 2 10 3 8
"029" "A" 14 2 10 3 9
"029" "A" 23 2 10 4 9
"029" "B" 6 5 5 10 5
"029" "B" 18 5 5 11 4
"029" "B" 19 5 5 11 6
"029" "B" 24 5 5 9 5
"029" "B" 25 5 5 9 4
"029" "C" 1 9 3 19 2
"029" "C" 5 9 3 18 2
"029" "C" 12 9 3 15 2
"029" "C" 21 9 3 16 2
"029" "C" 22 9 3 18 1
"029" "D" 2 2 1 3 2
"029" "D" 9 2 1 3 2
"029" "D" 10 2 1 3 2
"029" "D" 11 2 1 3 1
"029" "D" 15 2 1 4 1
"029" "E" 3 11 10 18 10
"029" "E" 7 11 10 16 11
"029" "E" 16 11 10 18 11
"029" "E" 17 11 10 17 10
"029" "E" 20 11 10 19 11
"030" "A" 9 2 10 3 11
"030" "A" 18 2 10 5 11
"030" "A" 22 2 10 3 10
"030" "A" 23 2 10 4 11
"030" "A" 25 2 10 3 10
"030" "B" 5 5 5 10 6
"030" "B" 6 5 5 10 8
"030" "B" 8 5 5 10 9
"030" "B" 10 5 5 6 10
"030" "B" 13 5 5 8 9
"030" "C" 2 9 3 18 2
"030" "C" 3 9 3 15 1
"030" "C" 4 9 3 13 2
"030" "C" 12 9 3 15 2
"030" "C" 17 9 3 14 4
"030" "D" 1 2 1 3 1
"030" "D" 7 2 1 3 2
"030" "D" 11 2 1 1 3
"030" "D" 21 2 1 3 3
"030" "D" 24 2 1 1 3
"030" "E" 14 11 10 13 11
"030" "E" 15 11 10 14 11
"030" "E" 16 11 10 12 11
"030" "E" 19 11 10 13 11
"030" "E" 20 11 10 11 11
"037" "A" 5 2 10 1 11
"037" "A" 14 2 10 3 10
"037" "A" 19 2 10 1 11
"037" "A" 22 2 10 2 11
"037" "A" 23 2 10 2 11
"037" "B" 8 5 5 10 6
"037" "B" 15 5 5 9 7
"037" "B" 17 5 5 12 5
"037" "B" 21 5 5 11 6
"037" "B" 24 5 5 12 4
"037" "C" 3 9 3 12 1
"037" "C" 4 9 3 16 1
"037" "C" 9 9 3 16 3
"037" "C" 11 9 3 16 1
"037" "C" 20 9 3 15 2
"037" "D" 1 2 1 3 1
"037" "D" 2 2 1 1 1
"037" "D" 6 2 1 1 2
"037" "D" 10 2 1 2 2
"037" "D" 16 2 1 1 1
"037" "E" 7 11 10 16 11
"037" "E" 12 11 10 16 10
"037" "E" 13 11 10 16 11
"037" "E" 18 11 10 17 11
"037" "E" 25 11 10 17 11
"038" "A" 5 2 10 3 10
"038" "A" 9 2 10 6 11
"038" "A" 20 2 10 6 11
"038" "A" 22 2 10 5 11
"038" "A" 23 2 10 4 10
"038" "B" 3 5 5 7 5
"038" "B" 12 5 5 10 5
"038" "B" 15 5 5 10 7
"038" "B" 16 5 5 9 7
"038" "B" 18 5 5 11 6
"038" "C" 4 9 3 9 3
"038" "C" 11 9 3 10 5
"038" "C" 14 9 3 12 4
"038" "C" 19 9 3 12 4
"038" "C" 24 9 3 12 4
"038" "D" 1 2 1 6 4
"038" "D" 2 2 1 5 4
"038" "D" 8 2 1 3 5
"038" "D" 13 2 1 4 4
"038" "D" 25 2 1 4 3
"038" "E" 6 11 10 15 11
"038" "E" 7 11 10 14 11
"038" "E" 10 11 10 15 11
"038" "E" 17 11 10 15 11
"038" "E" 21 11 10 16 11
"039" "A" 3 2 10 4 11
"039" "A" 16 2 10 2 11
"039" "A" 18 2 10 1 10
"039" "A" 21 2 10 2 11
"039" "A" 25 2 10 4 11
"039" "B" 5 5 5 6 11
"039" "B" 8 5 5 6 11
"039" "B" 11 5 5 6 9
"039" "B" 12 5 5 5 10
"039" "B" 23 5 5 6 11
"039" "C" 1 9 3 7 1
"039" "C" 6 9 3 15 6
"039" "C" 7 9 3 13 3
"039" "C" 13 9 3 10 7
"039" "C" 22 9 3 10 8
"039" "D" 9 2 1 3 4
"039" "D" 14 2 1 2 6
"039" "D" 15 2 1 2 7
"039" "D" 17 2 1 2 5
"039" "D" 20 2 1 3 7
"039" "E" 2 11 10 16 11
"039" "E" 4 11 10 12 7
"039" "E" 10 11 10 14 11
"039" "E" 19 11 10 11 11
"039" "E" 24 11 10 12 11
"040" "A" 11 2 10 2 11
"040" "A" 12 2 10 2 11
"040" "A" 16 2 10 4 11
"040" "A" 22 2 10 4 11
"040" "A" 23 2 10 5 10
"040" "B" 4 5 5 12 5
"040" "B" 8 5 5 11 6
"040" "B" 17 5 5 11 6
"040" "B" 18 5 5 13 7
"040" "B" 20 5 5 10 5
"040" "C" 1 9 3 13 3
"040" "C" 3 9 3 15 2
"040" "C" 7 9 3 14 3
"040" "C" 19 9 3 16 3
"040" "C" 25 9 3 16 1
"040" "D" 2 2 1 6 1
"040" "D" 9 2 1 5 2
"040" "D" 10 2 1 3 1
"040" "D" 14 2 1 3 2
"040" "D" 24 2 1 4 1
"040" "E" 5 11 10 17 9
"040" "E" 6 11 10 16 10
"040" "E" 13 11 10 15 11
"040" "E" 15 11 10 17 11
"040" "E" 21 11 10 17 10
"067" "A" 2 2 10 4 11
"067" "A" 3 2 10 3 11
"067" "A" 5 2 10 2 11
"067" "A" 16 2 10 1 11
"067" "A" 21 2 10 2 11
"067" "B" 6 5 5 6 9
"067" "B" 7 5 5 5 7
"067" "B" 15 5 5 5 8
"067" "B" 22 5 5 4 10
"067" "B" 23 5 5 6 10
"067" "C" 1 9 3 15 5
"067" "C" 9 9 3 12 2
"067" "C" 11 9 3 14 2
"067" "C" 13 9 3 13 5
"067" "C" 20 9 3 12 9
"067" "D" 8 2 1 2 3
"067" "D" 10 2 1 3 1
"067" "D" 14 2 1 2 3
"067" "D" 18 2 1 3 4
"067" "D" 25 2 1 6 4
"067" "E" 4 11 10 12 11
"067" "E" 12 11 10 14 11
"067" "E" 17 11 10 15 11
"067" "E" 19 11 10 14 11
"067" "E" 24 11 10 14 11
"068" "A" 8 2 10 3 11
"068" "A" 16 2 10 3 11
"068" "A" 18 2 10 4 11
"068" "A" 20 2 10 3 10
"068" "A" 24 2 10 6 11
"068" "B" 1 5 5 11 5
"068" "B" 3 5 5 11 7
"068" "B" 7 5 5 8 8
"068" "B" 10 5 5 5 7
"068" "B" 11 5 5 6 7
"068" "C" 2 9 3 13 2
"068" "C" 6 9 3 11 3
"068" "C" 12 9 3 10 2
"068" "C" 23 9 3 14 2
"068" "C" 25 9 3 13 1
"068" "D" 4 2 1 5 3
"068" "D" 9 2 1 2 1
"068" "D" 13 2 1 3 2
"068" "D" 14 2 1 3 1
"068" "D" 21 2 1 4 1
"068" "E" 5 11 10 16 9
"068" "E" 15 11 10 17 8
"068" "E" 17 11 10 15 10
"068" "E" 19 11 10 17 9
"068" "E" 22 11 10 17 7
"041" "A" 4 2 10 4 11
"041" "A" 5 2 10 4 11
"041" "A" 7 2 10 3 11
"041" "A" 13 2 10 4 11
"041" "A" 18 2 10 4 11
"041" "B" 3 5 5 9 3
"041" "B" 9 5 5 8 3
"041" "B" 12 5 5 8 5
"041" "B" 16 5 5 9 3
"041" "B" 24 5 5 11 4
"041" "C" 1 9 3 14 1
"041" "C" 2 9 3 14 1
"041" "C" 17 9 3 14 2
"041" "C" 22 9 3 16 3
"041" "C" 23 9 3 16 2
"041" "D" 6 2 1 5 1
"041" "D" 8 2 1 3 1
"041" "D" 14 2 1 5 1
"041" "D" 19 2 1 4 2
"041" "D" 25 2 1 5 1
"041" "E" 10 11 10 15 11
"041" "E" 11 11 10 16 11
"041" "E" 15 11 10 15 11
"041" "E" 20 11 10 16 11
"041" "E" 21 11 10 17 11
"042" "A" 7 2 10 5 11
"042" "A" 13 2 10 4 10
"042" "A" 16 2 10 3 11
"042" "A" 17 2 10 3 11
"042" "A" 23 2 10 5 10
"042" "B" 4 5 5 9 6
"042" "B" 10 5 5 7 7
"042" "B" 14 5 5 6 9
"042" "B" 19 5 5 6 10
"042" "B" 22 5 5 11 10
"042" "C" 2 9 3 15 3
"042" "C" 3 9 3 14 1
"042" "C" 5 9 3 12 2
"042" "C" 20 9 3 8 3
"042" "C" 24 9 3 15 1
"042" "D" 1 2 1 7 8
"042" "D" 6 2 1 6 6
"042" "D" 9 2 1 5 4
"042" "D" 12 2 1 5 5
"042" "D" 15 2 1 3 7
"042" "E" 8 11 10 12 11
"042" "E" 11 11 10 13 10
"042" "E" 18 11 10 7 11
"042" "E" 21 11 10 11 2
"042" "E" 25 11 10 14 11
"043" "A" 3 2 10 4 11
"043" "A" 17 2 10 6 10
"043" "A" 19 2 10 4 8
"043" "A" 21 2 10 4 10
"043" "A" 25 2 10 5 11
"043" "B" 1 5 5 10 8
"043" "B" 2 5 5 11 6
"043" "B" 8 5 5 8 5
"043" "B" 9 5 5 9 6
"043" "B" 13 5 5 11 8
"043" "C" 6 9 3 16 6
"043" "C" 12 9 3 15 4
"043" "C" 14 9 3 17 5
"043" "C" 15 9 3 18 5
"043" "C" 20 9 3 16 4
"043" "D" 7 2 1 4 1
"043" "D" 10 2 1 5 1
"043" "D" 11 2 1 4 1
"043" "D" 18 2 1 4 1
"043" "D" 22 2 1 4 1
"043" "E" 4 11 10 14 11
"043" "E" 5 11 10 17 11
"043" "E" 16 11 10 15 10
"043" "E" 23 11 10 4 1
"043" "E" 24 11 10 17 11
"044" "A" 4 2 10 5 11
"044" "A" 11 2 10 5 11
"044" "A" 13 2 10 6 11
"044" "A" 20 2 10 5 11
"044" "A" 23 2 10 3 11
"044" "B" 8 5 5 8 9
"044" "B" 10 5 5 9 11
"044" "B" 14 5 5 7 8
"044" "B" 16 5 5 9 6
"044" "B" 22 5 5 7 9
"044" "C" 2 9 3 8 3
"044" "C" 3 9 3 8 6
"044" "C" 17 9 3 12 5
"044" "C" 18 9 3 8 6
"044" "C" 19 9 3 9 5
"044" "D" 1 2 1 5 1
"044" "D" 12 2 1 4 2
"044" "D" 15 2 1 5 1
"044" "D" 24 2 1 3 3
"044" "D" 25 2 1 2 1
"044" "E" 5 11 10 14 11
"044" "E" 6 11 10 16 11
"044" "E" 7 11 10 15 11
"044" "E" 9 11 10 14 11
"044" "E" 21 11 10 16 11
"045" "A" 14 2 10 4 10
"045" "A" 17 2 10 6 10
"045" "A" 19 2 10 4 11
"045" "A" 20 2 10 4 11
"045" "A" 23 2 10 6 10
"045" "B" 3 5 5 13 5
"045" "B" 4 5 5 12 5
"045" "B" 13 5 5 10 2
"045" "B" 15 5 5 10 3
"045" "B" 18 5 5 12 3
"045" "C" 6 9 3 13 2
"045" "C" 9 9 3 13 2
"045" "C" 10 9 3 13 2
"045" "C" 24 9 3 13 1
"045" "C" 25 9 3 15 1
"045" "D" 7 2 1 3 2
"045" "D" 8 2 1 3 2
"045" "D" 11 2 1 3 2
"045" "D" 12 2 1 4 2
"045" "D" 21 2 1 3 3
"045" "E" 1 11 10 18 10
"045" "E" 2 11 10 19 10
"045" "E" 5 11 10 16 11
"045" "E" 16 11 10 19 9
"045" "E" 22 11 10 15 11
"046" "A" 4 2 10 7 11
"046" "A" 10 2 10 4 11
"046" "A" 11 2 10 4 10
"046" "A" 15 2 10 3 9
"046" "A" 23 2 10 6 10
"046" "B" 5 5 5 6 7
"046" "B" 9 5 5 11 7
"046" "B" 13 5 5 7 10
"046" "B" 17 5 5 9 7
"046" "B" 18 5 5 9 9
"046" "C" 3 9 3 13 1
"046" "C" 8 9 3 12 2
"046" "C" 16 9 3 13 1
"046" "C" 21 9 3 12 2
"046" "C" 25 9 3 11 4
"046" "D" 1 2 1 5 2
"046" "D" 7 2 1 5 4
"046" "D" 12 2 1 4 3
"046" "D" 14 2 1 4 1
"046" "D" 24 2 1 4 3
"046" "E" 2 11 10 15 9
"046" "E" 6 11 10 13 11
"046" "E" 19 11 10 13 9
"046" "E" 20 11 10 14 10
"046" "E" 22 11 10 15 10
"047" "A" 4 2 10 5 10
"047" "A" 8 2 10 5 10
"047" "A" 13 2 10 4 11
"047" "A" 21 2 10 5 11
"047" "A" 24 2 10 7 10
"047" "B" 6 5 5 7 5
"047" "B" 7 5 5 7 7
"047" "B" 9 5 5 8 5
"047" "B" 20 5 5 6 4
"047" "B" 25 5 5 7 6
"047" "C" 3 9 3 15 2
"047" "C" 5 9 3 15 1
"047" "C" 17 9 3 16 2
"047" "C" 19 9 3 16 2
"047" "C" 23 9 3 18 1
"047" "D" 1 2 1 6 2
"047" "D" 11 2 1 4 3
"047" "D" 12 2 1 4 3
"047" "D" 15 2 1 3 2
"047" "D" 18 2 1 4 2
"047" "E" 2 11 10 14 9
"047" "E" 10 11 10 16 9
"047" "E" 14 11 10 19 10
"047" "E" 16 11 10 17 10
"047" "E" 22 11 10 18 9
"049" "A" 1 2 10 6 10
"049" "A" 10 2 10 6 11
"049" "A" 11 2 10 6 11
"049" "A" 20 2 10 6 10
"049" "A" 23 2 10 6 11
"049" "B" 7 5 5 8 8
"049" "B" 9 5 5 7 6
"049" "B" 12 5 5 7 7
"049" "B" 15 5 5 8 8
"049" "B" 19 5 5 9 9
"049" "C" 4 9 3 12 3
"049" "C" 5 9 3 11 2
"049" "C" 6 9 3 12 2
"049" "C" 13 9 3 11 2
"049" "C" 21 9 3 11 4
"049" "D" 2 2 1 6 2
"049" "D" 3 2 1 6 4
"049" "D" 14 2 1 6 3
"049" "D" 18 2 1 6 2
"049" "D" 22 2 1 6 2
"049" "E" 8 11 10 14 11
"049" "E" 16 11 10 13 10
"049" "E" 17 11 10 15 11
"049" "E" 24 11 10 13 11
"049" "E" 25 11 10 13 11
"050" "A" 2 2 10 4 10
"050" "A" 9 2 10 5 10
"050" "A" 17 2 10 4 10
"050" "A" 20 2 10 4 11
"050" "A" 22 2 10 4 10
"050" "B" 12 5 5 11 7
"050" "B" 14 5 5 9 5
"050" "B" 18 5 5 9 3
"050" "B" 23 5 5 10 3
"050" "B" 24 5 5 10 2
"050" "C" 3 9 3 14 5
"050" "C" 5 9 3 17 4
"050" "C" 11 9 3 18 2
"050" "C" 21 9 3 17 3
"050" "C" 25 9 3 19 2
"050" "D" 1 2 1 4 2
"050" "D" 7 2 1 3 1
"050" "D" 8 2 1 4 1
"050" "D" 15 2 1 5 1
"050" "D" 19 2 1 4 1
"050" "E" 4 11 10 16 10
"050" "E" 6 11 10 19 11
"050" "E" 10 11 10 18 10
"050" "E" 13 11 10 19 10
"050" "E" 16 11 10 18 9
"051" "A" 5 2 10 5 10
"051" "A" 6 2 10 5 11
"051" "A" 7 2 10 6 10
"051" "A" 14 2 10 7 10
"051" "A" 24 2 10 6 10
"051" "B" 1 5 5 11 7
"051" "B" 12 5 5 7 9
"051" "B" 18 5 5 7 11
"051" "B" 21 5 5 7 11
"051" "B" 23 5 5 10 10
"051" "C" 2 9 3 12 1
"051" "C" 9 9 3 13 3
"051" "C" 10 9 3 12 2
"051" "C" 16 9 3 14 2
"051" "C" 19 9 3 14 3
"051" "D" 8 2 1 3 5
"051" "D" 11 2 1 4 3
"051" "D" 13 2 1 4 3
"051" "D" 15 2 1 4 4
"051" "D" 25 2 1 4 6
"051" "E" 3 11 10 16 9
"051" "E" 4 11 10 15 11
"051" "E" 17 11 10 16 11
"051" "E" 20 11 10 16 11
"051" "E" 22 11 10 19 11
"052" "A" 1 2 10 3 11
"052" "A" 13 2 10 3 11
"052" "A" 14 2 10 3 11
"052" "A" 15 2 10 2 11
"052" "A" 24 2 10 2 10
"052" "B" 2 5 5 10 5
"052" "B" 3 5 5 9 3
"052" "B" 10 5 5 11 1
"052" "B" 16 5 5 8 3
"052" "B" 23 5 5 10 3
"052" "C" 5 9 3 15 4
"052" "C" 8 9 3 14 5
"052" "C" 11 9 3 15 2
"052" "C" 18 9 3 14 4
"052" "C" 25 9 3 13 4
"052" "D" 4 2 1 3 3
"052" "D" 17 2 1 3 1
"052" "D" 20 2 1 4 2
"052" "D" 21 2 1 3 1
"052" "D" 22 2 1 2 3
"052" "E" 6 11 10 13 11
"052" "E" 7 11 10 17 11
"052" "E" 9 11 10 14 10
"052" "E" 12 11 10 16 10
"052" "E" 19 11 10 12 11
"053" "A" 2 2 10 5 11
"053" "A" 6 2 10 4 11
"053" "A" 8 2 10 6 11
"053" "A" 11 2 10 2 11
"053" "A" 16 2 10 3 11
"053" "B" 1 5 5 6 6
"053" "B" 17 5 5 7 6
"053" "B" 18 5 5 6 4
"053" "B" 23 5 5 8 3
"053" "B" 24 5 5 6 6
"053" "C" 3 9 3 17 4
"053" "C" 4 9 3 18 2
"053" "C" 9 9 3 17 5
"053" "C" 20 9 3 17 4
"053" "C" 25 9 3 18 3
"053" "D" 12 2 1 5 4
"053" "D" 13 2 1 5 1
"053" "D" 14 2 1 4 1
"053" "D" 15 2 1 4 2
"053" "D" 21 2 1 17 2
"053" "E" 5 11 10 18 11
"053" "E" 7 11 10 16 11
"053" "E" 10 11 10 17 11
"053" "E" 19 11 10 18 11
"053" "E" 22 11 10 19 11
"054" "A" 7 2 10 4 10
"054" "A" 8 2 10 3 10
"054" "A" 11 2 10 3 10
"054" "A" 12 2 10 2 11
"054" "A" 19 2 10 4 10
"054" "B" 1 5 5 10 6
"054" "B" 2 5 5 12 5
"054" "B" 3 5 5 10 5
"054" "B" 17 5 5 10 4
"054" "B" 21 5 5 10 6
"054" "C" 5 9 3 12 2
"054" "C" 14 9 3 15 1
"054" "C" 16 9 3 13 1
"054" "C" 20 9 3 14 2
"054" "C" 22 9 3 14 2
"054" "D" 4 2 1 4 2
"054" "D" 6 2 1 5 4
"054" "D" 10 2 1 6 5
"054" "D" 23 2 1 4 5
"054" "D" 24 2 1 3 6
"054" "E" 9 11 10 13 11
"054" "E" 13 11 10 14 10
"054" "E" 15 11 10 16 11
"054" "E" 18 11 10 15 9
"054" "E" 25 11 10 14 11
"055" "A" 2 2 10 4 10
"055" "A" 5 2 10 7 10
"055" "A" 7 2 10 6 9
"055" "A" 11 2 10 6 11
"055" "A" 19 2 10 4 11
"055" "B" 1 5 5 10 3
"055" "B" 3 5 5 9 5
"055" "B" 9 5 5 10 1
"055" "B" 13 5 5 11 1
"055" "B" 25 5 5 9 4
"055" "C" 4 9 3 14 4
"055" "C" 6 9 3 13 3
"055" "C" 8 9 3 11 4
"055" "C" 12 9 3 12 3
"055" "C" 16 9 3 12 3
"055" "D" 15 2 1 5 1
"055" "D" 17 2 1 6 2
"055" "D" 20 2 1 4 1
"055" "D" 21 2 1 4 2
"055" "D" 24 2 1 5 2
"055" "E" 10 11 10 16 10
"055" "E" 14 11 10 17 10
"055" "E" 18 11 10 15 11
"055" "E" 22 11 10 16 11
"055" "E" 23 11 10 15 11
"056" "A" 3 2 10 7 11
"056" "A" 11 2 10 4 11
"056" "A" 12 2 10 4 11
"056" "A" 18 2 10 5 11
"056" "A" 22 2 10 5 11
"056" "B" 8 5 5 9 8
"056" "B" 9 5 5 12 8
"056" "B" 13 5 5 8 8
"056" "B" 17 5 5 9 9
"056" "B" 19 5 5 8 9
"056" "C" 4 9 3 14 4
"056" "C" 7 9 3 16 3
"056" "C" 10 9 3 13 5
"056" "C" 15 9 3 13 2
"056" "C" 20 9 3 12 3
"056" "D" 1 2 1 6 4
"056" "D" 2 2 1 6 4
"056" "D" 5 2 1 6 3
"056" "D" 6 2 1 4 1
"056" "D" 25 2 1 3 1
"056" "E" 14 11 10 18 11
"056" "E" 16 11 10 16 11
"056" "E" 21 11 10 18 11
"056" "E" 23 11 10 17 11
"056" "E" 24 11 10 18 10
"057" "A" 3 2 10 3 11
"057" "A" 13 2 10 4 11
"057" "A" 14 2 10 4 10
"057" "A" 15 2 10 3 9
"057" "A" 17 2 10 2 11
"057" "B" 10 5 5 9 8
"057" "B" 12 5 5 10 6
"057" "B" 16 5 5 8 6
"057" "B" 18 5 5 5 9
"057" "B" 25 5 5 8 5
"057" "C" 1 9 3 15 4
"057" "C" 5 9 3 13 4
"057" "C" 7 9 3 12 3
"057" "C" 11 9 3 15 4
"057" "C" 22 9 3 16 2
"057" "D" 2 2 1 5 2
"057" "D" 6 2 1 5 1
"057" "D" 20 2 1 3 2
"057" "D" 23 2 1 5 1
"057" "D" 24 2 1 6 4
"057" "E" 4 11 10 11 11
"057" "E" 8 11 10 16 10
"057" "E" 9 11 10 12 10
"057" "E" 19 11 10 13 10
"057" "E" 21 11 10 16 7
"058" "A" 3 2 10 5 11
"058" "A" 4 2 10 3 10
"058" "A" 13 2 10 3 11
"058" "A" 19 2 10 3 11
"058" "A" 25 2 10 4 11
"058" "B" 7 5 5 7 6
"058" "B" 9 5 5 5 6
"058" "B" 11 5 5 6 6
"058" "B" 14 5 5 5 6
"058" "B" 24 5 5 6 7
"058" "C" 10 9 3 16 2
"058" "C" 12 9 3 16 1
"058" "C" 16 9 3 15 1
"058" "C" 20 9 3 15 2
"058" "C" 22 9 3 16 1
"058" "D" 8 2 1 3 1
"058" "D" 17 2 1 2 2
"058" "D" 18 2 1 2 1
"058" "D" 21 2 1 2 2
"058" "D" 23 2 1 3 1
"058" "E" 1 11 10 15 11
"058" "E" 2 11 10 14 9
"058" "E" 5 11 10 15 10
"058" "E" 6 11 10 16 11
"058" "E" 15 11 10 16 10
"060" "A" 6 2 10 3 11
"060" "A" 7 2 10 4 11
"060" "A" 15 2 10 4 11
"060" "A" 20 2 10 3 8
"060" "A" 22 2 10 4 9
"060" "B" 2 5 5 9 7
"060" "B" 9 5 5 7 6
"060" "B" 16 5 5 10 5
"060" "B" 19 5 5 10 6
"060" "B" 21 5 5 11 9
"060" "C" 4 9 3 11 4
"060" "C" 5 9 3 12 5
"060" "C" 8 9 3 8 6
"060" "C" 10 9 3 9 5
"060" "C" 23 9 3 11 6
"060" "D" 3 2 1 5 3
"060" "D" 11 2 1 3 1
"060" "D" 17 2 1 3 1
"060" "D" 18 2 1 3 3
"060" "D" 24 2 1 3 2
"060" "E" 1 11 10 12 8
"060" "E" 12 11 10 14 10
"060" "E" 13 11 10 14 11
"060" "E" 14 11 10 13 8
"060" "E" 25 11 10 15 11
"061" "A" 4 2 10 5 11
"061" "A" 6 2 10 1 11
"061" "A" 16 2 10 2 11
"061" "A" 22 2 10 2 11
"061" "A" 23 2 10 2 11
"061" "B" 3 5 5 7 9
"061" "B" 9 5 5 8 9
"061" "B" 15 5 5 1 9
"061" "B" 17 5 5 8 8
"061" "B" 21 5 5 8 9
"061" "C" 5 9 3 10 2
"061" "C" 8 9 3 13 3
"061" "C" 11 9 3 14 3
"061" "C" 13 9 3 19 3
"061" "C" 14 9 3 19 2
"061" "D" 10 2 1 8 1
"061" "D" 18 2 1 8 1
"061" "D" 19 2 1 8 1
"061" "D" 20 2 1 8 2
"061" "D" 25 2 1 6 3
"061" "E" 1 11 10 10 11
"061" "E" 2 11 10 12 11
"061" "E" 7 11 10 14 11
"061" "E" 12 11 10 16 11
"061" "E" 24 11 10 15 11
"063" "A" 11 2 10 4 10
"063" "A" 16 2 10 4 11
"063" "A" 17 2 10 4 10
"063" "A" 20 2 10 4 11
"063" "A" 25 2 10 4 11
"063" "B" 1 5 5 8 5
"063" "B" 2 5 5 8 7
"063" "B" 3 5 5 10 6
"063" "B" 7 5 5 9 7
"063" "B" 8 5 5 10 5
"063" "C" 4 9 3 14 1
"063" "C" 5 9 3 14 2
"063" "C" 9 9 3 12 1
"063" "C" 15 9 3 12 2
"063" "C" 22 9 3 12 2
"063" "D" 10 2 1 4 2
"063" "D" 14 2 1 3 3
"063" "D" 18 2 1 2 2
"063" "D" 21 2 1 3 4
"063" "D" 24 2 1 5 2
"063" "E" 6 11 10 10 11
"063" "E" 12 11 10 14 11
"063" "E" 13 11 10 14 11
"063" "E" 19 11 10 13 10
"063" "E" 23 11 10 11 11
"064" "A" 5 2 10 6 11
"064" "A" 16 2 10 5 9
"064" "A" 17 2 10 4 11
"064" "A" 22 2 10 5 10
"064" "A" 23 2 10 4 10
"064" "B" 4 5 5 12 6
"064" "B" 19 5 5 12 3
"064" "B" 20 5 5 12 5
"064" "B" 21 5 5 13 6
"064" "B" 24 5 5 12 8
"064" "C" 1 9 3 16 2
"064" "C" 3 9 3 13 3
"064" "C" 6 9 3 12 3
"064" "C" 7 9 3 15 3
"064" "C" 11 9 3 13 3
"064" "D" 8 2 1 5 3
"064" "D" 9 2 1 4 2
"064" "D" 10 2 1 5 1
"064" "D" 12 2 1 3 3
"064" "D" 25 2 1 6 4
"064" "E" 2 11 10 16 11
"064" "E" 13 11 10 13 11
"064" "E" 14 11 10 15 10
"064" "E" 15 11 10 15 11
"064" "E" 18 11 10 14 10
"065" "A" 1 2 10 5 11
"065" "A" 8 2 10 5 10
"065" "A" 11 2 10 5 10
"065" "A" 20 2 10 5 11
"065" "A" 25 2 10 5 11
"065" "B" 10 5 5 7 4
"065" "B" 12 5 5 9 8
"065" "B" 13 5 5 10 5
"065" "B" 16 5 5 10 7
"065" "B" 17 5 5 9 6
"065" "C" 6 9 3 11 6
"065" "C" 7 9 3 12 5
"065" "C" 15 9 3 13 5
"065" "C" 21 9 3 13 3
"065" "C" 23 9 3 12 6
"065" "D" 2 2 1 5 4
"065" "D" 3 2 1 5 4
"065" "D" 4 2 1 5 3
"065" "D" 9 2 1 5 3
"065" "D" 22 2 1 5 3
"065" "E" 5 11 10 10 11
"065" "E" 14 11 10 15 10
"065" "E" 18 11 10 14 10
"065" "E" 19 11 10 13 11
"065" "E" 24 11 10 13 11
"066" "A" 1 2 10 3 10
"066" "A" 4 2 10 3 11
"066" "A" 12 2 10 4 11
"066" "A" 17 2 10 3 11
"066" "A" 19 2 10 4 11
"066" "B" 3 5 5 5 6
"066" "B" 5 5 5 5 7
"066" "B" 9 5 5 5 7
"066" "B" 16 5 5 5 6
"066" "B" 21 5 5 7 6
"066" "C" 6 9 3 13 3
"066" "C" 10 9 3 15 4
"066" "C" 11 9 3 13 7
"066" "C" 20 9 3 17 4
"066" "C" 25 9 3 15 6
"066" "D" 2 2 1 9 1
"066" "D" 7 2 1 9 1
"066" "D" 14 2 1 6 2
"066" "D" 15 2 1 6 3
"066" "D" 22 2 1 9 1
"066" "E" 8 11 10 17 7
"066" "E" 13 11 10 19 8
"066" "E" 18 11 10 19 10
"066" "E" 23 11 10 19 9
"066" "E" 24 11 10 19 10


